ACACIA AVE
BLUE
111, 120, 121, 140, 170 
RED
100, 110, 141
YELLOW
130
ADELLA AVE
BLUE
710, 723, 725, 740, 802, 820, 825,
830.	839, 845, 936, 953, 969,1000, 1015, 1021, 1022, 1027, 1037, 1041 
RED
700, 714, 720, 724, 731, 732, 752, 810, 824, 835, 840, 900, 920, 999, 1005,1013, 1040, 1045, 1051 
YELLOW
721, 801, 803, 805, 806, 808, 811,
831.	834, 910, 912, 930, 1028, 1033, 1040-1050, 1100, 1111
ADELLA LANE
BLUE
430, 523, 527, 560, 729 
RED
462, 518, 611, 639, 643 
YELLOW
441, 460, 510, 517, 537, 610, 617, 726
ALAMEDA BLVD
BLUE
155,165, 355, 436, 465, 550, 560, 611, 620, 647, 671, 710, 741, 50, 860, 875, 921, 980, 1000, 1003,1015, 1020,10301040,1115,1121,1131, 1144,1200,1236,1244, 1265 
RED
149,173,211,247, 251, 255,271, 34, 353, 521, 540, 555, 563, 570, 617, 633, 641, 660, 670, 700, 717, 733, 757, 760,
765, 830, 845, 915, 929, 97, 947, 965, 973,1125,1127, 1207,1211,1229 
YELLOW
137,217,225, 257, 275, 335, 357, 369,301, 411, 421, 425, 439, 446, 457, 463, 466, 509, 510, 525, 535, 60, 625, 650, 655, 727, 750, 800, 815, 820, 835, 900, 970,1105,1143,1217, 1241
ALDER
BLUE
101
RED
99,100,120,140, 141,150 
YELLOW 
181
BALBOA AYE
BLUE
611, 621, 711, 721, 730, 731, 740*,
801, 831, 840, 841
RED
600, 610, 631, 700, 701, 710, 720,
820, 850, 911, 920, 931, 950, 
YELLOW
630, 640, 641, 650, 651, 661, 750,
751, 760, 830, 940 
BAY CIRCLE
BLUE
930, 933, 945
CABRILLO
BLUE
741, 750, 751, 761, 830, 921, 941 
RED
601, 651, 700, 721, 730, 740, 851,
950, 961, 987
YELLOW
600.	650, 660, 811, 850, 871, 931, 981, 991
CAT ON
BLUE
1612
RED
1624,1630
CAROBWAY
BLUE
120,160,171,180 
RED 
141,151 
YELLOW
110, 111, 131,150,161
CHURCHILL PLACE
BLUE
1112,1216,1234,1238 
RED 
1228 
YELLOW 
1224
CORONADO AVENUE
BLUE
760, 851, 860, 861 
RED
601.	611, 621, 640, 740, 820, 901, 1021,1030,1120,1140 
YELLOW
620, 650, 811, 830, 850, 911
COUNTRY CLUB
BLUE
431, 435, 450, 460, 510, 531, 550, 551, 561, 611, 650, 710, 711*, 731, 740, 751, 760, 761, 800, 810, 811, 830, 860,
861, 870, 900*, 901, 920, 930, 940 
RED
521, 540, 541, 610, 641, 651, 660, 670, 701, 741, 831, 840, 850, 851 
YELLOW
441, 470, 500, 620, 631, 66, 820, 841, 950, 960
FL CHICO LANE
BLUE
221,230,240 
RED
216,260,269 
YELLOW 
210
FNCINO ROW
BLUE
1015,1017,1027*
RED
1014, 1020, 1023, 104, 1036,
1037, 1054 
YELLOW
1011,1021,1030,1033,1034,1041,
1047, 1048
FLORA AVE
BLUE
1010, 1011,1020*, 1023,1111,1115,
1119, 1113
RED
1015,1027,1122,1127 
YELLOW
1007,1014,1021,1130
GLORIETTA BLVD
BLUE
342, 364, 374, 382, 426, 432, 444,
500, 504, 508, 526, 540, 544, 600,
604, 650, 676, 680, 716, 720, 734,
800, 810
820, 830, 840, 848, 940,1000,1020, 1110, 1138,1316,1518,1528 
RED
346, 350, 360, 366, 430, 436, 440,
520, 612, 738, 814, 916, 928,1024,
1100,1202, 1330
YELLOW
354, 402, 408, 420, 522, 532, 622,
628, 632, 636, 700, 706, 728, 722, 1010, 1118,1520, 1524,1532
GLORIETTA PLACE
BLUE
318, 340, 365 
RED
324, 330, 332, 345, 369, 514
YELLOW
306, 355
GUADALUPE
BLUE
678, 681, 711*, 737, 911 
RED
687, 701, 729, 735, 815, 718, 822, 835 
YELLOW
686, 690, 707, 825, 828
ISABELLA COURT
RED 
1123
ISABELLA AVE
BLUE
1030,1040,1110,1144,1156 
RED
1021,1034,1035,1036,1038,1039, 1101,1104,1111,1112,1115,1121, 1135 
YELLOW
1023,1027, 1052,1072,1141
TACINTO
BLUE
716, 720, 734, 738 
YELLOW 
722, 728
LOMAAVE
BLUE
1001,1033,1034*, 1037,1110*,
1116,1120,1124,1126,1135 
RED
1040,1111 
YELLOW 
1015,1030
633, 642, 646, 650, 653, 660, 662,
667, 670, 671, 676, 680, 681, 692,
698,
700.	708, 711, 712, 716, 717, 727,
728, 732, 737, 747, 801, 809, 815,
817, 820, 835, 900, 905, 911 
RED
535, 602, 616, 620, 622, 635, 636,
638, 639, 645, 649, 656, 663, 685,
701.	715, 720, 734, 735, 742, 746,
755, 825, 829
YELLOW
606, 612, 657, 664, 677, 684, 688, 816
MARIA PLACE
YELLOW
1510,1511,1514,1520,1521
MARINA AVE
BLUE
501, 520, 521, 531, 541, 546, 548,
550, 551, 561, 571
MIGUEL
BLUE
1611,1613,1614,1627,1634
RED
1630
YELLOW
1605,1608,1617,1620
MONTEREY AVE
BLUE
1706,1714,1717,1818,1721,1725, 1800,1807,1815,1901
RED
1700,1722
OCEAN BLVD
BLUE
441*, 519, 555*, 609, 625, 1063 
RED
527, 541, 619, 631, 915, 917, 919, 1007,1029,1057 
YELLOW 
421, 431
OCEAN COURT
BLUE
1,2,20,21,
RED
30
OLIVE AVE
BLUE
831, 929, 933, 953,1003,1011,1015, 1021,1027*, 1030,1039,1048 
RED
732, 825, 840, 850, 851, 905-911,
943, 950, 964,1005,1022 
YELLOW
745-749, 755, 768, 816, 817, 824, 848, 914, 922, 934, 960, 1001, 1010, 1017, 1044
MARGARITA AVE
BLUE
541, 601, 621, 625, 626, 627, 630

